-2.490161024903299325e-01
-2.475083224446578134e-01
-2.429817557685345075e-01
-2.354282485451118789e-01
-2.248392104350417642e-01
-2.112128109642947282e-01
-1.945634481953359418e-01
-1.749328964882485848e-01
-1.524024063341260227e-01
-1.271049263759168602e-01
-9.923654112061128241e-02
-6.906616905301531106e-02
-3.694256206591341185e-02
-3.297711559184471342e-03
3.135408788509779637e-02
6.642204217457756132e-02
1.012497634465717444e-01
1.351311752265321187e-01
1.673309533594331544e-01
1.971086788596564665e-01
2.237455447762639327e-01
2.465721846047560784e-01
2.649960153044015887e-01
2.785264435807043859e-01
2.867963722147319205e-01
2.895786456119500696e-01
2.867963722147319761e-01
2.785264435807044414e-01
2.649960153044015887e-01
2.465721846047560506e-01
2.237455447762639882e-01
1.971086788596565775e-01
1.673309533594330156e-01
1.351311752265318133e-01
1.012497634465714946e-01
6.642204217457758908e-02
3.135408788509769923e-02
-3.297711559184667799e-03
-3.694256206591335634e-02
-6.906616905301526943e-02
-9.923654112061129628e-02
-1.271049263759167214e-01
-1.524024063341261337e-01
-1.749328964882485848e-01
-1.945634481953359696e-01
-2.112128109642948115e-01
-2.248392104350416809e-01
-2.354282485451119067e-01
-2.429817557685343965e-01
-2.475083224446577301e-01
