-4.980322049806598650e-01
-4.950166448893156268e-01
-4.859635115370690150e-01
-4.708564970902237579e-01
-4.496784208700835284e-01
-4.224256219285894565e-01
-3.891268963906718836e-01
-3.498657929764971697e-01
-3.048048126682520453e-01
-2.542098527518337203e-01
-1.984730822412225648e-01
-1.381323381060306221e-01
-7.388512413182682370e-02
-6.595423118368942683e-03
6.270817577019559275e-02
1.328440843491551226e-01
2.024995268931434889e-01
2.702623504530642373e-01
3.346619067188663088e-01
3.942173577193129330e-01
4.474910895525278653e-01
4.931443692095121567e-01
5.299920306088031774e-01
5.570528871614087718e-01
5.735927444294638411e-01
5.791572912239001392e-01
5.735927444294639521e-01
5.570528871614088828e-01
5.299920306088031774e-01
4.931443692095121012e-01
4.474910895525279764e-01
3.942173577193131551e-01
3.346619067188660313e-01
2.702623504530636267e-01
2.024995268931429893e-01
1.328440843491551782e-01
6.270817577019539846e-02
-6.595423118369335598e-03
-7.388512413182671268e-02
-1.381323381060305389e-01
-1.984730822412225926e-01
-2.542098527518334428e-01
-3.048048126682522674e-01
-3.498657929764971697e-01
-3.891268963906719391e-01
-4.224256219285896230e-01
-4.496784208700833618e-01
-4.708564970902238134e-01
-4.859635115370687930e-01
-4.950166448893154603e-01
