-3.325423644681718043e-05
-7.240909729856454099e-05
-1.606102898727069150e-04
-8.377353783001623968e-04
-3.305074347837100995e-03
-8.104758733197773429e-03
-1.366273989470307912e-02
-1.728985656881654870e-02
-1.728985656881654523e-02
-1.366273989470307565e-02
-8.104758733197766490e-03
-3.305074347837091888e-03
-8.377353783001575179e-04
-1.606102898727056411e-04
-7.240909729856463586e-05
-3.325423644681711267e-05
-1.612452097119909558e-04
-1.761145179710993630e-04
-2.192445417294051533e-04
-1.637182290073409350e-03
-5.296452089408749606e-03
-7.564175872455995708e-03
-3.675466886103265912e-03
2.727694907435590337e-03
2.727694907435592071e-03
-3.675466886103281525e-03
-7.564175872455983565e-03
-5.296452089408729656e-03
-1.637182290073392436e-03
-2.192445417294008165e-04
-1.761145179710985769e-04
-1.612452097119909558e-04
-1.466634433941117386e-04
9.153124957905706474e-04
2.816440839022510238e-03
3.938600456101729735e-03
1.095730721950090303e-02
4.344136723597938343e-02
1.053438161559582809e-01
1.592095744355609133e-01
1.592095744355608300e-01
1.053438161559581421e-01
4.344136723597935568e-02
1.095730721950087701e-02
3.938600456101721062e-03
2.816440839022512407e-03
9.153124957905682622e-04
-1.466634433941109525e-04
8.953725879470835619e-04
4.957618369894835689e-03
8.181518405798436991e-03
5.897536344722125942e-03
2.048970606116923970e-02
9.000237067186431239e-02
1.957577336385203648e-01
2.684938909277676533e-01
2.684938909277676533e-01
1.957577336385201705e-01
9.000237067186422912e-02
2.048970606116917031e-02
5.897536344722062625e-03
8.181518405798424848e-03
4.957618369894828750e-03
8.953725879470828030e-04
3.607619583505368866e-03
9.230923432449725588e-03
-1.839988975692394366e-03
-4.189177065691727236e-02
-6.573794046323587492e-02
-6.172292387251408080e-02
-1.470101666211558744e-01
-3.068036960956733727e-01
-3.068036960956732617e-01
-1.470101666211557356e-01
-6.172292387251415713e-02
-6.573794046323599982e-02
-4.189177065691731400e-02
-1.839988975692408244e-03
9.230923432449723853e-03
3.607619583505367565e-03
6.858673833433732644e-03
6.061895734480932975e-03
-4.348301762828395839e-02
-1.327144997654575997e-01
-1.435699200756710703e-01
-1.799158027740572763e-01
-6.553822301797735950e-01
-1.351532332393372782e+00
-1.351532332393371894e+00
-6.553822301797724847e-01
-1.799158027740570542e-01
-1.435699200756710425e-01
-1.327144997654574610e-01
-4.348301762828396533e-02
6.061895734480945985e-03
6.858673833433737849e-03
8.755061685084039591e-03
-5.720093116709821374e-03
-9.355935470627048389e-02
-1.477954627906863383e-01
1.304993380016287730e-01
4.698298230794804575e-01
-9.101565775126407853e-02
-1.239162983742396751e+00
-1.239162983742395641e+00
-9.101565775126227442e-02
4.698298230794809016e-01
1.304993380016284954e-01
-1.477954627906863661e-01
-9.355935470627048389e-02
-5.720093116709741576e-03
8.755061685084046530e-03
9.145533718887649891e-03
-1.625523955309342294e-02
-1.187692518831291871e-01
-7.412255927802186006e-02
6.102391248314720240e-01
1.543598619563376406e+00
1.260953406054677206e+00
-2.146349198510394407e-03
-2.146349198509256428e-03
1.260953406054678760e+00
1.543598619563376406e+00
6.102391248314713579e-01
-7.412255927802244293e-02
-1.187692518831291733e-01
-1.625523955309333968e-02
9.145533718887653360e-03
9.145533718887651625e-03
-1.625523955309338825e-02
-1.187692518831291594e-01
-7.412255927802188782e-02
6.102391248314720240e-01
1.543598619563375740e+00
1.260953406054676540e+00
-2.146349198511379730e-03
-2.146349198510505429e-03
1.260953406054677206e+00
1.543598619563375518e+00
6.102391248314708028e-01
-7.412255927802258171e-02
-1.187692518831291455e-01
-1.625523955309333274e-02
9.145533718887648156e-03
8.755061685084046530e-03
-5.720093116709774536e-03
-9.355935470627041450e-02
-1.477954627906862828e-01
1.304993380016284121e-01
4.698298230794797914e-01
-9.101565775126488345e-02
-1.239162983742397639e+00
-1.239162983742396973e+00
-9.101565775126430058e-02
4.698298230794792918e-01
1.304993380016277738e-01
-1.477954627906865048e-01
-9.355935470627044226e-02
-5.720093116709745913e-03
8.755061685084041326e-03
6.858673833433737849e-03
6.061895734480933842e-03
-4.348301762828396533e-02
-1.327144997654576275e-01
-1.435699200756710425e-01
-1.799158027740570542e-01
-6.553822301797733729e-01
-1.351532332393372560e+00
-1.351532332393372338e+00
-6.553822301797727068e-01
-1.799158027740572763e-01
-1.435699200756710703e-01
-1.327144997654574610e-01
-4.348301762828395839e-02
6.061895734480950322e-03
6.858673833433732644e-03
3.607619583505364963e-03
9.230923432449716914e-03
-1.839988975692384609e-03
-4.189177065691733481e-02
-6.573794046323586104e-02
-6.172292387251392121e-02
-1.470101666211551805e-01
-3.068036960956724291e-01
-3.068036960956722070e-01
-1.470101666211550140e-01
-6.172292387251386570e-02
-6.573794046323575002e-02
-4.189177065691718216e-02
-1.839988975692357503e-03
9.230923432449720384e-03
3.607619583505365397e-03
8.953725879470793335e-04
4.957618369894825280e-03
8.181518405798431787e-03
5.897536344722093850e-03
2.048970606116926746e-02
9.000237067186431239e-02
1.957577336385204481e-01
2.684938909277679309e-01
2.684938909277679309e-01
1.957577336385204481e-01
9.000237067186436790e-02
2.048970606116927787e-02
5.897536344722139820e-03
8.181518405798426583e-03
4.957618369894822678e-03
8.953725879470795504e-04
-1.466634433941109525e-04
9.153124957905712979e-04
2.816440839022512407e-03
3.938600456101727133e-03
1.095730721950089262e-02
4.344136723597935568e-02
1.053438161559582253e-01
1.592095744355608578e-01
1.592095744355608022e-01
1.053438161559581837e-01
4.344136723597938343e-02
1.095730721950089262e-02
3.938600456101730603e-03
2.816440839022510238e-03
9.153124957905703222e-04
-1.466634433941117386e-04
-1.612452097119908745e-04
-1.761145179710987124e-04
-2.192445417294018736e-04
-1.637182290073401977e-03
-5.296452089408736595e-03
-7.564175872455997443e-03
-3.675466886103321423e-03
2.727694907435499264e-03
2.727694907435501866e-03
-3.675466886103333133e-03
-7.564175872456011321e-03
-5.296452089408746136e-03
-1.637182290073406748e-03
-2.192445417294072133e-04
-1.761145179711002032e-04
-1.612452097119907390e-04
-3.325423644681711267e-05
-7.240909729856454099e-05
-1.606102898727056411e-04
-8.377353783001599032e-04
-3.305074347837095357e-03
-8.104758733197766490e-03
-1.366273989470308085e-02
-1.728985656881654870e-02
-1.728985656881654870e-02
-1.366273989470307565e-02
-8.104758733197773429e-03
-3.305074347837096659e-03
-8.377353783001588190e-04
-1.606102898727069150e-04
-7.240909729856460876e-05
-3.325423644681718043e-05
