-6.650847289363436086e-05
-1.448181945971290820e-04
-3.212205797454138301e-04
-1.675470756600324794e-03
-6.610148695674201991e-03
-1.620951746639554686e-02
-2.732547978940615824e-02
-3.457971313763309740e-02
-3.457971313763309046e-02
-2.732547978940615130e-02
-1.620951746639553298e-02
-6.610148695674183776e-03
-1.675470756600315036e-03
-3.212205797454112822e-04
-1.448181945971292717e-04
-6.650847289363422533e-05
-3.224904194239819116e-04
-3.522290359421987259e-04
-4.384890834588103066e-04
-3.274364580146818700e-03
-1.059290417881749921e-02
-1.512835174491199142e-02
-7.350933772206531824e-03
5.455389814871180673e-03
5.455389814871184143e-03
-7.350933772206563049e-03
-1.512835174491196713e-02
-1.059290417881745931e-02
-3.274364580146784873e-03
-4.384890834588016329e-04
-3.522290359421971538e-04
-3.224904194239819116e-04
-2.933268867882234772e-04
1.830624991581141295e-03
5.632881678045020477e-03
7.877200912203459471e-03
2.191461443900180606e-02
8.688273447195876686e-02
2.106876323119165617e-01
3.184191488711218265e-01
3.184191488711216600e-01
2.106876323119162842e-01
8.688273447195871135e-02
2.191461443900175401e-02
7.877200912203442124e-03
5.632881678045024813e-03
1.830624991581136524e-03
-2.933268867882219051e-04
1.790745175894167124e-03
9.915236739789671377e-03
1.636303681159687398e-02
1.179507268944425188e-02
4.097941212233847941e-02
1.800047413437286248e-01
3.915154672770407296e-01
5.369877818555353066e-01
5.369877818555353066e-01
3.915154672770403410e-01
1.800047413437284582e-01
4.097941212233834063e-02
1.179507268944412525e-02
1.636303681159684970e-02
9.915236739789657500e-03
1.790745175894165606e-03
7.215239167010737732e-03
1.846184686489945118e-02
-3.679977951384788733e-03
-8.378354131383454473e-02
-1.314758809264717498e-01
-1.234458477450281616e-01
-2.940203332423117488e-01
-6.136073921913467455e-01
-6.136073921913465234e-01
-2.940203332423114713e-01
-1.234458477450283143e-01
-1.314758809264719996e-01
-8.378354131383462799e-02
-3.679977951384816488e-03
1.846184686489944771e-02
7.215239167010735130e-03
1.371734766686746529e-02
1.212379146896186595e-02
-8.696603525656791678e-02
-2.654289995309151995e-01
-2.871398401513421406e-01
-3.598316055481145526e-01
-1.310764460359547190e+00
-2.703064664786745563e+00
-2.703064664786743787e+00
-1.310764460359544969e+00
-3.598316055481141085e-01
-2.871398401513420851e-01
-2.654289995309149219e-01
-8.696603525656793066e-02
1.212379146896189197e-02
1.371734766686747570e-02
1.751012337016807918e-02
-1.144018623341964275e-02
-1.871187094125409678e-01
-2.955909255813726766e-01
2.609986760032575459e-01
9.396596461589609151e-01
-1.820313155025281571e-01
-2.478325967484793502e+00
-2.478325967484791281e+00
-1.820313155025245488e-01
9.396596461589618032e-01
2.609986760032569908e-01
-2.955909255813727321e-01
-1.871187094125409678e-01
-1.144018623341948315e-02
1.751012337016809306e-02
1.829106743777529978e-02
-3.251047910618684589e-02
-2.375385037662583743e-01
-1.482451185560437201e-01
1.220478249662944048e+00
3.087197239126752812e+00
2.521906812109354412e+00
-4.292698397020788814e-03
-4.292698397018512857e-03
2.521906812109357521e+00
3.087197239126752812e+00
1.220478249662942716e+00
-1.482451185560448859e-01
-2.375385037662583465e-01
-3.251047910618667935e-02
1.829106743777530672e-02
1.829106743777530325e-02
-3.251047910618677650e-02
-2.375385037662583188e-01
-1.482451185560437756e-01
1.220478249662944048e+00
3.087197239126751480e+00
2.521906812109353080e+00
-4.292698397022759460e-03
-4.292698397021010859e-03
2.521906812109354412e+00
3.087197239126751036e+00
1.220478249662941606e+00
-1.482451185560451634e-01
-2.375385037662582910e-01
-3.251047910618666548e-02
1.829106743777529631e-02
1.751012337016809306e-02
-1.144018623341954907e-02
-1.871187094125408290e-01
-2.955909255813725656e-01
2.609986760032568243e-01
9.396596461589595828e-01
-1.820313155025297669e-01
-2.478325967484795278e+00
-2.478325967484793946e+00
-1.820313155025286012e-01
9.396596461589585836e-01
2.609986760032555475e-01
-2.955909255813730097e-01
-1.871187094125408845e-01
-1.144018623341949183e-02
1.751012337016808265e-02
1.371734766686747570e-02
1.212379146896186768e-02
-8.696603525656793066e-02
-2.654289995309152550e-01
-2.871398401513420851e-01
-3.598316055481141085e-01
-1.310764460359546746e+00
-2.703064664786745119e+00
-2.703064664786744675e+00
-1.310764460359545414e+00
-3.598316055481145526e-01
-2.871398401513421406e-01
-2.654289995309149219e-01
-8.696603525656791678e-02
1.212379146896190064e-02
1.371734766686746529e-02
7.215239167010729926e-03
1.846184686489943383e-02
-3.679977951384769217e-03
-8.378354131383466963e-02
-1.314758809264717221e-01
-1.234458477450278424e-01
-2.940203332423103610e-01
-6.136073921913448581e-01
-6.136073921913444140e-01
-2.940203332423100280e-01
-1.234458477450277314e-01
-1.314758809264715000e-01
-8.378354131383436432e-02
-3.679977951384715007e-03
1.846184686489944077e-02
7.215239167010730793e-03
1.790745175894158667e-03
9.915236739789650561e-03
1.636303681159686357e-02
1.179507268944418770e-02
4.097941212233853492e-02
1.800047413437286248e-01
3.915154672770408961e-01
5.369877818555358617e-01
5.369877818555358617e-01
3.915154672770408961e-01
1.800047413437287358e-01
4.097941212233855574e-02
1.179507268944427964e-02
1.636303681159685317e-02
9.915236739789645357e-03
1.790745175894159101e-03
-2.933268867882219051e-04
1.830624991581142596e-03
5.632881678045024813e-03
7.877200912203454267e-03
2.191461443900178524e-02
8.688273447195871135e-02
2.106876323119164507e-01
3.184191488711217155e-01
3.184191488711216045e-01
2.106876323119163674e-01
8.688273447195876686e-02
2.191461443900178524e-02
7.877200912203461206e-03
5.632881678045020477e-03
1.830624991581140644e-03
-2.933268867882234772e-04
-3.224904194239817490e-04
-3.522290359421974249e-04
-4.384890834588037471e-04
-3.274364580146803955e-03
-1.059290417881747319e-02
-1.512835174491199489e-02
-7.350933772206642847e-03
5.455389814870998527e-03
5.455389814871003731e-03
-7.350933772206666265e-03
-1.512835174491202264e-02
-1.059290417881749227e-02
-3.274364580146813496e-03
-4.384890834588144265e-04
-3.522290359422004065e-04
-3.224904194239814779e-04
-6.650847289363422533e-05
-1.448181945971290820e-04
-3.212205797454112822e-04
-1.675470756600319806e-03
-6.610148695674190715e-03
-1.620951746639553298e-02
-2.732547978940616171e-02
-3.457971313763309740e-02
-3.457971313763309740e-02
-2.732547978940615130e-02
-1.620951746639554686e-02
-6.610148695674193317e-03
-1.675470756600317638e-03
-3.212205797454138301e-04
-1.448181945971292175e-04
-6.650847289363436086e-05
